particle = 59.288666 0.000000 132.271011 particles/smoke1.par
particle = 315.859528 37.500000 288.972626 particles/firescimitar.par
interplane = 310.010468 36.500000 284.823151 321.708588 39.799950 293.122101 -2.200000 20.000040 2
