particle = 2115.402588 0.000000 3260.260742 particles/fire2.par
interplane = 2114.403564 2.500000 3253.155762 2132.817627 2.500000 3267.365723 1.000000 -6.499996 0
