particle = 2196.031738 76.000000 3556.327393 particles/snow1.par
particle = 3301.000000 14.000000 3200.500000 particles/smoke1.par
